n_per_scenario,n_train,seed,model,r2_test,rmse,mae
25,150,42,PI-HGAT,0.42766672372817993,4.648936627942984,3.772578239440918
25,150,42,XGBoost,0.5043812937966003,4.326164057320497,3.5985484372558596
25,150,42,ANN (MLP),-5.541389982959453,15.71680123183939,11.792054785400389
25,150,42,Linear Reg,0.9804438980985198,0.8593504045461414,0.7222241305070354
25,150,43,PI-HGAT,0.5170650482177734,4.270448298271845,3.441770076751709
25,150,43,XGBoost,0.5043812937966003,4.326164057320497,3.5985484372558596
25,150,43,ANN (MLP),-5.151686712567389,15.241448570097148,11.28763432861328
25,150,43,Linear Reg,0.9804438980985198,0.8593504045461414,0.7222241305070354
25,150,44,PI-HGAT,-0.08259153366088867,6.39383532932354,5.307279586791992
25,150,44,XGBoost,0.5043812937966003,4.326164057320497,3.5985484372558596
25,150,44,ANN (MLP),-6.400809052611021,16.717400212703538,13.110120092529296
25,150,44,Linear Reg,0.9804438980985198,0.8593504045461414,0.7222241305070354
50,300,42,PI-HGAT,0.8732684254646301,2.1876181434335136,1.7764018774032593
50,300,42,XGBoost,0.6594959058151197,3.5858350591451993,3.1990336232910153
50,300,42,ANN (MLP),-0.5709170629224176,7.702039976103637,5.614075816894531
50,300,42,Linear Reg,0.9705837844513892,1.0539561431679068,0.9101722345117043
50,300,43,PI-HGAT,0.840418815612793,2.4548219290673967,1.9898602962493896
50,300,43,XGBoost,0.6594959058151197,3.5858350591451993,3.1990336232910153
50,300,43,ANN (MLP),-0.3320501757133001,7.092338121157454,5.263608210693359
50,300,43,Linear Reg,0.9705837844513892,1.0539561431679068,0.9101722345117043
50,300,44,PI-HGAT,-0.16760742664337158,6.640144743663114,5.420253753662109
50,300,44,XGBoost,0.6594959058151197,3.5858350591451993,3.1990336232910153
50,300,44,ANN (MLP),-1.2988267155399162,9.317132201187741,6.869416686279298
50,300,44,Linear Reg,0.9705837844513892,1.0539561431679068,0.9101722345117043
100,600,42,PI-HGAT,0.9576346278190613,1.2648371846509898,1.0499171018600464
100,600,42,XGBoost,0.6707960158308495,3.5258325374878092,3.3712113967285156
100,600,42,ANN (MLP),0.8356197209982199,2.4914604448611293,1.9053593520507817
100,600,42,Linear Reg,0.9709714729615223,1.0469878448333325,0.9224268577065279
100,600,43,PI-HGAT,0.9472958445549011,1.4107548085302632,1.1847461462020874
100,600,43,XGBoost,0.6707960158308495,3.5258325374878092,3.3712113967285156
100,600,43,ANN (MLP),0.7170237437352351,3.2689188409833876,2.519844013183594
100,600,43,Linear Reg,0.9709714729615223,1.0469878448333325,0.9224268577065279
100,600,44,PI-HGAT,0.9664715528488159,1.125215456781768,0.9174341559410095
100,600,44,XGBoost,0.6707960158308495,3.5258325374878092,3.3712113967285156
100,600,44,ANN (MLP),0.7687544318190529,2.955056909432905,2.196564489257812
100,600,44,Linear Reg,0.9709714729615223,1.0469878448333325,0.9224268577065279
150,900,42,PI-HGAT,0.9716439247131348,1.0347902046645385,0.8401158452033997
150,900,42,XGBoost,0.6626664022463857,3.5691018306607853,3.459651484130859
150,900,42,ANN (MLP),0.8457294937578128,2.4136294279594757,1.865032082763672
150,900,42,Linear Reg,0.9705186848950649,1.055121727480557,0.9282158387264142
150,900,43,PI-HGAT,0.9588021039962769,1.2472879552947915,1.009892225265503
150,900,43,XGBoost,0.6626664022463857,3.5691018306607853,3.459651484130859
150,900,43,ANN (MLP),0.9345913112780736,1.5716175190777422,1.2040821496582026
150,900,43,Linear Reg,0.9705186848950649,1.055121727480557,0.9282158387264142
150,900,44,PI-HGAT,0.9698404669761658,1.0671896380155936,0.8695066571235657
150,900,44,XGBoost,0.6626664022463857,3.5691018306607853,3.459651484130859
150,900,44,ANN (MLP),0.9217245725807964,1.7192612064394706,1.2890780864257816
150,900,44,Linear Reg,0.9705186848950649,1.055121727480557,0.9282158387264142
200,1200,42,PI-HGAT,0.9792034029960632,0.8861865492517746,0.716383695602417
200,1200,42,XGBoost,0.6662139735551125,3.55028498495542,3.5004294199218746
200,1200,42,ANN (MLP),0.9635716161262768,1.1728678779793236,0.9241519609374997
200,1200,42,Linear Reg,0.971426316074423,1.0387529212492759,0.913020215041041
200,1200,43,PI-HGAT,0.9677958488464355,1.1027707446941968,0.9006026387214661
200,1200,43,XGBoost,0.6662139735551125,3.55028498495542,3.5004294199218746
200,1200,43,ANN (MLP),0.9410375083379068,1.4921657038420018,1.2106787395019531
200,1200,43,Linear Reg,0.971426316074423,1.0387529212492759,0.913020215041041
200,1200,44,PI-HGAT,0.9754273891448975,0.9632850133322707,0.7755363583564758
200,1200,44,XGBoost,0.6662139735551125,3.55028498495542,3.5004294199218746
200,1200,44,ANN (MLP),0.9364681578011964,1.5489052942747799,1.202156959228516
200,1200,44,Linear Reg,0.971426316074423,1.0387529212492759,0.913020215041041
249,1500,42,PI-HGAT,0.9785348773002625,0.9003172739068536,0.7243668437004089
249,1500,42,XGBoost,0.6680055704127504,3.5407440857862627,3.514687537597656
249,1500,42,ANN (MLP),0.9704618949282062,1.0561374810060389,0.8424635681152345
249,1500,42,Linear Reg,0.9706637292479757,1.0525229942519352,0.9273643216764121
249,1500,43,PI-HGAT,0.9673096537590027,1.1110631965531592,0.891682505607605
249,1500,43,XGBoost,0.6680055704127504,3.5407440857862627,3.514687537597656
249,1500,43,ANN (MLP),0.9544516263889472,1.311491792649331,1.0164385654296877
249,1500,43,Linear Reg,0.9706637292479757,1.0525229942519352,0.9273643216764121
249,1500,44,PI-HGAT,0.9800004959106445,0.8690380250185964,0.6946045756340027
249,1500,44,XGBoost,0.6680055704127504,3.5407440857862627,3.514687537597656
249,1500,44,ANN (MLP),0.9720896904677472,1.0266241267753107,0.7741723154296876
249,1500,44,Linear Reg,0.9706637292479757,1.0525229942519352,0.9273643216764121
